DateTime,Entries,UniqueIPs
1512342110,1,1
1512429166,2,2
1512864983,27,27
1513998983,26,26
1515526265,1,1
1516267974,2,2
1518141670,1,1
1518752705,0,0
1519106899,1,1
1521590919,0,0
1526353299,2,2
1526701930,1,1
1527225403,1,1
1527225403,1,1
1527225403,1,1
1527225403,1,1
1527225403,1,1
1527225403,1,1
1527225403,1,1
1527225403,1,1
1527225403,1,1
1527225403,1,1
1527225403,1,1
1527225403,1,1
1527225403,1,1
1527312659,1,1
1527312659,1,1
1527312659,1,1
1527312659,1,1
1527312659,1,1
1527312659,1,1
1527312659,1,1
1527312659,1,1
1527312659,1,1
1527312659,1,1
1527312659,1,1
1527312659,1,1
1527312659,1,1
1527312659,1,1
1527312659,1,1
1527312659,1,1
1527312659,1,1
1527312659,1,1
1527312659,1,1
1527312659,1,1
1527312659,1,1
1527312659,1,1
1527312659,1,1
1527312659,1,1
1527312659,1,1
1527312659,1,1
1527312659,1,1
1527312659,1,1
1527312659,1,1
1527312659,1,1
1527312659,1,1
1527312659,1,1
1527312659,1,1
1527312659,1,1
1527312659,1,1
1527312659,1,1
1527312659,1,1
1527312659,1,1
1527312659,1,1
1527312659,1,1
1527312659,1,1
1527312659,1,1
1527312659,1,1
1527312659,1,1
1527312659,1,1
1527312659,1,1
1527312659,1,1
1527312659,1,1
1527312659,1,1
1527312659,1,1
1527312659,1,1
1527312659,1,1
1527312659,1,1
1527312659,1,1
1527312659,1,1
1527312659,1,1
1527400172,1,1
1527836195,1,1
1527836195,1,1
1527836195,1,1
1527836195,1,1
1527923308,1,1
1527923308,1,1
1527923308,1,1
1527923308,1,1
1527923308,1,1
1527923308,1,1
1527923308,1,1
1527923308,1,1
1527923308,1,1
1527923308,1,1
1527923308,1,1
1527923308,1,1
1527923308,1,1
1527923308,1,1
1527923308,1,1
1527923308,1,1
1527923308,1,1
1527923308,1,1
1527923308,1,1
1527923308,1,1
1527923308,1,1
1527923308,1,1
1527923308,1,1
1527923308,1,1
1527923308,1,1
1527923308,1,1
1527923308,1,1
1527923308,1,1
1527923308,1,1
1527923308,1,1
1527923308,1,1
1527923308,1,1
1527923308,1,1
1527923308,1,1
1527923308,1,1
1527923308,1,1
1527923308,1,1
1527923308,1,1
1527923308,1,1
1527923308,1,1
1527923308,1,1
1527923308,1,1
1527923308,1,1
1527923308,1,1
1527923308,1,1
1527923308,1,1
1527923308,1,1
1527923308,1,1
1527923308,1,1
1527923308,1,1
1527923308,1,1
1527923308,1,1
1527923308,1,1
1527923308,1,1
1527923308,1,1
1527923308,1,1
1527923308,1,1
1527923308,1,1
1527923308,1,1
1527923308,1,1
1527923308,1,1
1528271767,1,1
1528271767,1,1
1528271767,1,1
1528271767,1,1
1528271767,1,1
1529142981,2,2
1529927293,1,1
1530406615,2,2
1531539163,7894,7894
